2.766217
2.766217
2.766217
2.766217
2.766217
2.766217
2.766217
2.766217
2.766217
2.766217
